100
55
178829.3757160719
2863192.9079702264
3424678.6897884305
1557546.1755915938
3182393.7291408493
1615233.0709838751
1032595.4275218345
2307475.8156912504
2209408.0935243722
3380452.0699876817
2299784.2296389462
676859.5726027667
623018.4702366375
3647734.6853052513
496107.3003736188
3413141.3107099743
817231.0180573178
551871.2992528240
269205.5118306458
638401.6423412459
2394006.1587796719
3590047.7899129703
2680517.7392280023
228824.6850560490
440343.3014944136
3276615.6582815754
3380452.0699876817
2768970.9788295003
2690132.2217933824
1030672.5310087585
1099896.8054794960
1686380.2419676888
92299.0326276500
819153.9145703939
1226807.9753425147
182675.1687422240
2057499.2689913649
2497842.5704857782
2849732.6323786941
1784447.9641345670
582637.6434620407
3213160.0733500659
759544.1226650366
596097.9190535729
2199793.6109589920
630710.0562889418
3336225.4501869325
148063.0315068552
788387.5703611772
3343917.0362392366
1240268.2509340469
1453709.7638854876
1088359.4264010396
3440061.8618930387
3224697.4524285221
321123.7176836990
267282.6153175698
2094034.3027398095
3686192.6155667724
386502.1991282844
3343917.0362392366
2444001.4681196492
1880592.7897883689
1549854.5895392897
2255557.6098381970
1870978.3072229887
1222962.1823163626
2943954.5615194202
1899821.7549191294
3265078.2792031192
882609.4995019032
3182393.7291408493
2832426.5637610098
173060.6861768438
590329.2295143448
1299878.0428394042
432651.7154421094
2315167.4017435545
1397945.7650062824
2822812.0811956297
3007410.1464509293
396116.6816936646
2367085.6075966074
1242191.1474471230
2657442.9810710899
2488228.0879203980
1628693.3465754075
2974720.9057286368
1274880.3881694158
615326.8841843334
1632539.1396015596
1857518.0316314565
3020870.4220424616
3163164.7640100890
2922802.6998755834
2767048.0823164242
3516977.7224160805
1111434.1845579522
1709455.0001246012
