31 1.54122 1.02748
1 0 0 0 1 1 0 0 0 0 0 1 0 1 18798 25705 9777 31006 1594 8489 19907 17202 22238 20196 24801 17199 43 22389 14601 26467 1732 
20 1.43918 0.57567
0 1 1 1 1 0 0 1 0 25374 13852 32464 2071 2253 7420 6570 17245 17601 27663 16105 
19 8.24915 5.27945
1 1 0 1 1 0 0 0 7024 193 22015 26468 24009 8464 12620 18960 23625 9538 19416 
28 1.12438 0.609037
0 1 0 0 0 1 1 0 1 1 0 0 1 7791 15482 5400 4659 26735 5567 29618 1636 28191 10028 31800 18862 21481 5135 21260 
21 2.02055 1.34703
1 0 1 1 1 0 0 0 0 11722 5739 29853 7029 1431 606 5366 21271 17636 285 5377 18266 
23 2.64856 1.39162
0 0 1 1 1 0 1 1 1 1 15663 31798 32523 24955 14670 13471 31167 1745 1334 10345 30235 28628 40 
44 1.51702 1.06753
1 1 1 0 1 1 1 1 0 0 0 0 0 1 0 0 1 0 0 0 1 16445 8060 23143 8286 10308 2401 10516 14476 22367 2147 11599 13651 7391 31651 8841 6642 3670 1150 15997 14281 8185 19807 11446 
48 1.06336 0.863983
1 0 0 1 0 0 1 1 0 0 1 0 1 0 1 0 0 1 1 0 0 1 0 11346 11271 26541 28694 8635 30043 9536 10228 28835 19552 24376 7733 32162 16733 27281 634 28198 1818 1475 21734 20245 3827 21645 723 3763 
50 1.35166 0.917199
0 1 0 1 1 1 0 1 0 0 0 0 1 0 1 1 1 0 0 1 0 0 1 0 1022 4285 24173 9479 24551 27182 9678 512 9446 10160 26380 29501 19345 30928 1933 11352 19876 29353 272 21734 13813 12295 4417 18868 27818 15564 
30 3.84131 1.00606
0 0 0 1 1 1 0 0 1 0 0 0 1 1 28555 26771 13904 29326 7585 19568 409 26701 215 29623 15949 10972 7787 32125 17077 23727 
34 5.8831 5.5154
0 0 1 0 0 1 0 0 0 1 1 0 1 0 0 0 12533 2475 30822 15376 4654 31348 22513 14842 11284 13846 15441 11595 15881 21691 6675 16688 27673 14737 
42 1.90076 0.223618
1 1 1 1 0 0 0 1 0 1 1 1 0 1 1 1 0 0 0 0 16448 21664 20676 7163 31004 27738 24047 9657 15725 6920 32328 25027 19279 24480 18687 3677 7304 28454 30746 12865 15990 31950 
6 1.6226 0.641493
0 0 1440 30541 25150 1392 
47 1.34518 0.659402
1 1 1 0 0 1 1 1 1 1 0 0 0 0 1 1 1 0 1 1 0 1 28155 24210 17772 8947 24653 16861 15871 24086 7050 14452 5782 32640 5375 5434 32274 17371 31423 25033 23612 9758 1269 14958 19895 15280 29048 
24 1.98618 1.91262
1 1 1 1 0 0 0 1 1 1 1 4944 1452 5997 12575 6873 3625 25581 20469 3731 10884 28548 13697 17987 
9 1422.89 822.116
1 1 1 31457 13133 18675 14129 23317 28420 
26 1.21004 0.564686
0 0 0 0 0 0 0 0 1 1 1 0 5605 28925 10035 3075 28009 26408 30662 1358 13244 9171 8222 18812 9940 9702 
10 1.3833 0.0494035
0 0 1 0 2477 15587 8514 2572 7723 1478 
35 1.87012 0.901665
0 1 0 1 1 0 1 0 1 0 0 0 0 1 1 1 19168 7633 19874 24887 9870 23221 25706 31934 23445 12040 28281 9651 30355 23230 14984 1081 553 29895 8018 
17 1.26219 0.803213
1 0 0 1 1 0 0 6212 466 5905 5772 31654 32291 3069 25200 24386 10176 
36 9.16236 6.24707
1 1 0 0 0 1 0 0 0 0 0 0 1 0 0 1 0 17264 30958 28375 8989 30901 17251 22760 28634 15350 7803 30035 15556 27896 18802 10930 10526 29891 29894 25816 
21 1.54826 1.36612
0 1 0 0 1 1 1 0 1 21856 31515 20467 6661 20975 22534 11184 28816 19782 13393 18967 8386 
39 1.54826 0.619306
0 0 1 0 0 1 0 1 1 1 1 1 1 1 1 1 0 1 4940 26222 11000 3389 22962 20919 27628 1839 26030 12170 32604 12131 2503 8290 31653 6993 15330 24484 5995 11421 1635 
48 1.71934 1.21365
0 1 1 0 1 1 0 1 0 0 0 1 0 0 1 1 1 1 1 0 0 0 0 12630 11073 22345 4357 18627 22373 7132 1937 14997 6863 15167 20426 17672 20315 10796 17551 27728 27135 17680 24236 23513 26369 23406 8876 27859 
23 1.53248 1.48305
0 1 0 1 1 1 0 1 0 1 20074 7055 26482 22088 3320 12094 17818 23151 26084 12435 26764 6913 19765 
43 1.25371 0.671628
0 0 0 1 1 0 0 0 1 0 0 0 0 0 0 1 1 0 0 1 12348 9218 27054 19684 256 7207 29233 20420 21863 28948 16701 11365 18552 19019 13982 113 2558 15862 24355 30610 24786 23071 10493 
34 1.65129 0.949492
1 0 1 1 0 1 0 0 0 1 0 1 1 1 1 0 12723 2801 11739 9375 8058 22633 7241 784 31791 31335 11569 3568 15377 19843 24288 20001 30979 9821 
48 1.90534 0.793891
0 1 0 1 1 1 0 0 0 1 1 0 0 1 0 0 0 1 0 0 0 1 0 12770 21533 5114 4326 5124 20154 32094 5199 26960 21882 25959 13971 1448 16463 2452 12106 12813 9408 6045 27222 2987 18655 9375 12919 21525 
19 12.6513 7.94384
0 1 0 1 0 0 1 0 12826 15352 4976 23488 19672 14567 7783 31183 26896 26448 22326 
48 7.75159 3.87579
1 1 0 1 1 1 1 0 1 1 0 0 0 1 0 0 1 1 0 1 0 1 0 18818 9939 28714 23605 15376 31740 31604 26181 13655 30723 17675 28864 32618 32640 5812 30628 23135 30207 6748 16251 29093 11779 6666 25987 15256 
30 1.32538 0.651459
1 0 1 1 0 1 0 1 0 0 0 1 1 1 13784 31392 10498 22747 17601 18802 29220 25580 23149 9488 17829 412 22277 21392 23952 7897 
32 1.5474 0.618959
0 0 0 0 0 1 0 0 0 0 1 0 1 0 1 27659 19075 25678 24260 8590 26014 19289 16085 1802 21597 4292 27612 29018 1406 24677 14893 7185 
10 1230.07 615.033
1 0 1 1 31154 12474 26041 22951 8586 2447 
40 1.33811 0.523607
1 0 0 1 1 0 0 0 1 0 1 1 0 0 0 1 1 1 1 26683 20804 25784 2978 19526 7841 3430 26503 7685 17244 29329 23096 2715 11738 10133 19952 9836 26562 31505 21537 1326 
13 2.23572 0.111786
0 0 1 0 0 30436 27130 9868 5192 29165 28901 18169 15290 
44 1.27299 0.969897
1 0 1 0 0 0 0 0 0 0 0 0 0 1 1 0 1 0 1 0 1 16116 11458 4572 27054 21701 25611 3080 31829 30097 25248 11160 4340 3590 1418 12358 9199 13898 7266 8974 29406 27617 19374 32566 
36 1.32538 0.643757
0 1 0 0 1 0 1 1 1 0 0 0 0 1 0 0 1 11350 21201 12902 14280 9139 29291 31429 16483 24310 21163 28724 14540 6614 10996 27864 20902 17726 24605 23421 
23 1.12972 0.81108
0 1 0 0 0 1 1 0 0 1 22336 13921 24863 19572 15351 15447 25644 28868 487 8235 11522 31112 32005 
47 1.40884 0.587017
0 1 0 1 1 1 1 0 1 0 0 1 1 0 0 1 1 1 0 0 1 0 11282 27545 26846 14261 18607 26868 27517 25351 17254 16386 22772 27137 19104 14110 10626 16881 9279 19248 15037 5416 18468 28709 24115 9993 1013 
24 26.4865 13.8739
1 1 1 0 1 1 0 0 1 1 1 7400 16611 32696 1180 11449 24371 6593 15576 16704 31022 5986 27263 10470 
21 1827.71 203.078
1 1 1 0 0 1 1 0 0 14645 15185 31285 20622 11364 29809 24844 1698 26265 23485 26537 17037 
27 25.0011 9.78305
0 0 1 1 0 1 1 1 1 1 1 1 19549 19463 19945 5836 7419 17049 22830 12115 3751 32025 14184 14008 12415 5302 2394 
7 1.57557 0.683739
1 0 17391 9928 8142 18168 30196 
8 1.23346 0.616731
0 1 0 18695 18703 8240 7310 19431 
25 1.09723 0.832382
0 1 1 1 1 1 0 0 0 0 1 3523 2497 9420 24713 6373 13958 11571 12140 14133 28908 6975 30159 31152 4811 
28 1.82132 1.24181
0 0 0 1 0 0 1 0 0 0 0 0 1 15934 22817 8227 20039 7120 18186 30410 19572 28967 21675 11574 29308 28004 13868 8773 
47 4.08262 1.85574
0 0 0 1 1 1 0 0 1 1 0 0 1 0 1 0 0 0 1 1 0 1 17724 7268 19827 8611 3624 28615 28176 32695 875 29632 34 5069 31623 13465 28504 10535 10692 6468 17517 11495 28874 15263 11351 26743 17262 
22 2.14112 1.78426
1 1 0 1 1 0 1 0 0 1 31297 15731 23389 20560 13777 26347 25273 26156 19114 5727 13988 16091 
33 1.19107 0.350315
0 0 1 1 1 1 0 0 1 0 0 0 1 0 0 14910 190 14053 32746 2333 3247 172 21514 2468 24741 8032 22121 23634 31613 13692 617 9874 26172 
44 1.43262 0.296405
1 1 1 0 1 0 0 1 0 1 1 1 1 0 1 1 1 0 1 0 1 21367 22014 2451 12551 22783 5967 17958 5885 31830 13535 16630 27982 24923 6434 30836 16186 4770 24431 10608 27106 32278 28174 20701 
31 3.03526 0.809402
1 1 1 1 1 1 0 1 1 1 1 0 1 1 27517 20801 29722 10643 8138 26414 2329 6271 12940 21661 754 19143 2428 7857 28488 80 27262 
25 4.1494 2.0747
0 0 0 1 1 0 1 0 0 0 0 16658 23281 31966 20076 25073 17477 26191 1558 12865 29617 25658 8194 182 11749 
2 1.05917 0.59953
17739 4919 
35 1.7422 0.995542
0 0 1 1 0 0 1 1 0 0 0 0 1 0 0 0 17283 22939 4263 32380 16199 21619 27378 20321 27779 12094 27736 27157 17134 11939 888 3342 10298 32349 22187 
42 2.67645 1.42016
0 0 1 0 0 1 1 1 0 0 1 1 1 0 0 0 0 0 1 1 30529 6203 5361 2066 6740 27210 18725 22415 9679 8010 21529 10268 4658 10565 3322 11324 24514 32766 25301 21469 18315 7647 
1 2.78867 1.04575
26808 
49 6.86719 3.19404
1 1 0 1 0 1 1 1 0 1 0 0 0 0 0 1 0 1 0 1 0 0 0 12183 26547 4153 24517 8887 24146 4762 9001 315 12276 8298 4816 822 25197 24066 24648 30803 6606 26103 26462 2676 24705 16609 22233 5016 13717 
7 2.0942 0.999506
0 1 12702 9610 17801 17270 31844 
7 2.7743 2.27889
0 0 12547 22045 6784 30640 20678 
27 2.85729 2.10537
0 0 1 0 1 0 1 1 1 1 1 1 2468 28676 10432 8997 19862 11031 16135 29965 22511 20762 11792 29687 10585 23456 22132 
14 1.91718 1.31806
0 0 1 1 1 1 15353 29234 11128 16581 32434 18399 11821 5549 
19 4.29228 1.60961
0 0 1 1 1 1 1 0 29639 18094 23733 14811 8807 4027 7685 20169 20040 27735 1716 
17 3.43378 2.14611
1 0 0 1 1 0 1 25857 7057 17366 13465 32073 2876 16009 3491 9220 22976 
43 1.19716 0.798107
1 0 0 1 0 0 1 1 1 0 1 1 0 0 1 1 1 0 0 1 16873 1183 9881 23241 9873 9765 27345 19973 24177 22020 12283 28276 25248 31044 5645 12033 8682 11480 19012 15308 15485 25213 16497 
24 1.30442 0.334467
0 1 0 0 1 0 0 1 1 1 0 2659 5566 4117 12877 9378 23706 31229 15202 11836 25988 12631 21833 32227 
17 1.52179 0.36892
0 0 0 1 0 1 1 9034 10788 23607 15879 3242 28661 5674 14908 13603 19848 
42 1.1023 0.513137
0 1 0 1 0 1 0 1 1 1 1 1 0 0 1 0 1 1 0 1 21283 11179 20397 31174 7246 26798 25688 6380 26280 21629 31122 9094 27457 20407 2577 5058 15523 24465 4037 7966 4195 8475 
13 1.83491 1.12918
1 1 1 0 1 32746 10452 7844 1725 24646 4829 8056 9908 
10 1.85305 1.08766
1 1 0 1 27840 1571 26079 13231 28966 14905 
44 1.11951 0.970241
1 0 1 1 0 1 1 0 1 0 1 0 1 0 1 1 1 1 0 1 0 101 29537 20564 7601 14122 7043 31708 5013 16201 19455 32024 4110 8345 7716 13742 9594 15882 23276 13634 9535 25216 9343 19689 
23 1.70929 0.113953
0 0 0 0 1 0 0 1 0 1 17189 29588 26679 30510 18327 21151 8240 305 4 24887 6923 12785 18954 
15 1.40484 1.29678
0 0 0 1 0 1 29449 5825 26702 29560 28853 574 16787 14518 16665 
12 63.2465 52.7054
1 1 0 0 0 31987 6852 19780 28382 2038 1899 7044 
30 1.35342 0.606704
1 1 1 0 1 0 0 0 0 1 1 0 0 0 26297 19560 32648 1621 27477 591 5343 6758 18201 27229 8426 1762 14348 15240 27546 28038 
38 1.26764 0.593366
0 0 1 0 0 1 0 1 0 1 0 1 0 1 1 1 0 0 2569 18404 5966 28884 9442 16136 9496 3855 4004 22956 17068 29459 7577 12548 11070 5841 7748 24215 14856 12589 
18 1.13338 0.593673
0 1 1 1 1 1 1 1 20510 18625 10246 24283 27612 25095 21229 17721 8652 10847 
26 642549 518185
0 0 1 1 0 1 1 1 1 0 1 1 25826 25105 26433 18858 21486 19032 27246 30558 25443 6024 16497 11231 21643 340 
17 1.98375 1.85577
1 1 0 0 0 1 0 8349 10542 30669 10222 1214 8995 29739 23643 12829 25940 
6 1.39844 0.699221
1 1 28521 14339 9412 13124 
26 3.36691 0.187051
1 1 0 0 1 1 0 0 1 1 1 0 20187 7192 7841 19256 4114 27667 30992 19723 1648 1972 21312 15233 14147 9950 
38 1.53249 0.668721
0 1 0 0 1 0 0 0 0 1 0 1 1 1 1 1 0 1 6720 7798 32065 17424 5569 32577 29756 22856 5337 15859 7022 29719 25732 31473 15292 31641 18937 14050 8765 23387 
27 1.39232 0.149177
1 0 0 1 1 0 0 1 1 0 0 0 4056 19979 22990 5984 24648 21543 21112 14504 21982 30039 15947 1861 13061 1329 4628 
15 3.48982 2.32654
1 1 1 0 1 1 23917 3131 30590 3681 16550 574 15534 13922 6704 
35 2.39862 1.64116
0 0 1 0 1 0 1 0 0 1 1 1 0 0 1 1 95 31882 20405 11424 19024 27867 1944 4281 2044 20010 3051 9531 5956 9770 11690 4354 30244 25393 10466 
27 1.4485 1.14355
1 0 0 0 0 0 0 0 0 1 1 0 13938 8203 27061 4102 3864 2051 5712 11756 22149 10658 14335 27258 7242 17735 119 
28 3.38613 1.97524
0 0 0 0 0 0 1 0 0 0 1 0 0 6953 29671 3264 23852 20085 30880 20219 8327 29814 2976 1840 9093 27370 9021 25521 
26 1.15702 0.558563
0 1 1 0 1 1 1 0 1 1 1 1 15623 19178 8204 12212 29000 16853 7041 19183 27648 3243 10565 31000 29799 28440 
29 1.99677 1.21372
1 1 0 1 1 1 1 0 0 0 0 0 0 8544 26955 4116 13772 30044 26551 29683 513 27010 16431 3594 646 20444 22699 22589 1592 
50 1.24228 0.532408
1 1 0 0 0 0 1 1 0 0 0 0 0 0 0 0 0 0 0 0 0 1 0 1 29669 18909 18778 20197 22956 12498 10204 25722 17374 13996 31041 14003 11324 18870 8184 22100 30795 12785 6732 1417 27224 19976 7051 31865 9146 7302 
38 257.618 19.8168
1 1 1 1 0 0 1 0 1 0 1 1 1 0 0 1 1 1 4178 7639 21580 4497 32453 13141 8077 474 22534 18549 8131 23481 28460 30725 2130 14735 5977 8619 28438 31581 
41 1.3211 0.591017
1 1 1 1 0 1 1 0 0 0 0 1 0 1 1 1 1 1 1 26747 6183 24685 12714 28664 20079 6294 13416 12625 19435 203 27156 5293 9977 10621 26283 20005 13085 2226 13927 11802 24576 
1 1.0659 0.17192
15910 
6 1.21858 1.01548
0 1 12182 10664 5542 14912 
42 1.98375 0.793502
1 0 0 0 0 1 1 1 1 1 1 0 1 0 0 0 1 1 1 0 18905 32683 23185 30329 30692 9070 17376 8708 3871 8045 23830 14350 3131 15780 18442 5028 23655 31643 31994 14747 26737 30963 
25 1.28888 0.945181
0 1 1 1 0 0 0 0 1 0 0 8752 32597 1689 25120 21318 11670 10892 4201 1859 11603 20343 20356 29087 25462 
21 125.009 67.3123
0 1 0 0 1 1 0 0 1 17535 1838 16367 11249 6925 4739 816 31656 947 25711 12312 14898 
18 2.08706 1.04353
0 1 0 1 1 0 0 1 13504 14639 30135 10964 13012 11902 9068 25614 32340 11183 
29 2.04162 0.907388
0 1 1 0 0 0 1 1 1 0 0 0 0 25597 15503 840 6727 15991 22089 477 25973 2400 27769 26064 9303 29138 5150 23344 20872 
38 1.89335 0.860611
0 0 0 1 0 1 1 1 1 0 1 1 0 0 0 0 0 0 9098 19438 10137 128 12994 8968 17218 15583 30938 25444 15749 16984 6376 18960 11330 10268 746 9822 918 11174 
28 2.25446 0.751488
1 0 0 0 0 1 0 1 0 0 1 0 0 16477 16116 4439 23778 27289 1827 23658 10260 15877 16147 10806 14615 2568 4902 26091 
